1 6
1 7
2 4
3 3
3 5
3 7
4 4
4 5
4 6
4 8
4 31
4 32
5 3
5 5
5 7
5 26
5 27
5 28
5 29
5 30
6 4
6 5
6 8
6 9
6 10
6 25
6 26
6 28
6 29
7 2
7 4
7 5
7 6
7 8
7 22
7 23
7 24
7 26
7 29
7 30
8 2
8 3
8 4
8 5
8 7
8 22
8 24
8 25
8 27
8 28
8 29
8 31
8 32
9 3
9 6
9 7
9 8
9 9
9 20
9 23
9 24
9 26
9 29
9 32
9 33
10 2
10 3
10 5
10 7
10 8
10 10
10 22
10 25
10 27
10 28
10 30
10 31
10 33
10 34
11 4
11 5
11 7
11 9
11 22
11 23
11 25
11 26
11 27
11 30
11 31
12 3
12 4
12 6
12 7
12 10
12 11
12 25
12 27
12 29
12 31
13 5
13 6
13 8
13 9
13 24
13 26
13 28
13 30
13 32
13 33
14 7
14 25
14 26
14 30
14 32
14 33
15 26
15 28
15 29
15 31
15 32
16 24
16 27
16 29
16 30
16 32
16 33
22 4
22 5
22 7
22 10
23 8
23 9
23 26
23 27
23 28
24 3
24 4
24 6
24 7
24 8
24 27
24 28
24 29
24 31
24 32
24 33
25 5
25 6
25 9
25 10
25 26
25 27
25 28
25 30
25 31
25 32
26 4
26 7
26 8
26 27
26 28
26 29
26 30
27 3
27 5
27 6
27 7
27 8
27 24
27 25
27 28
27 29
28 4
28 6
28 7
28 9
28 10
28 11
28 12
28 14
28 23
28 24
28 25
28 26
28 29
28 30
29 2
29 3
29 5
29 6
29 7
29 8
29 24
29 25
29 28
29 29
29 31
29 32
