********* Result of iteration 0***********
                                   
      1 3                            
    1                               
   3  1  3                            
    1 3 1  3                       1 3   
   1  3  1                   3 1 3 1 3     
    1 3   1 3 1               3 1  3 1      
  3  1 3 1  3              1 3 1  3   1 3     
  1 3 1 3  1               3  1 3  1 3 1  3 1   
   3   1 3 1 3           1   3 1  3   1   3 1  
  3 1  3  1 3  1            3   1  3 1  3 1  3 1 
    3 1  3  1             3 1  3 1 3   1 3    
   1 3  1 3   1 3              1  3  1  4    
     2 4  2 4               2  4  2  4  2 4  
       2                  4 2    4  2 4  
                          2  4 2  4 2   
                        4   2  4 2  4 2  
                                   
                                   
                                   
                                   
                                   
    4 2  4   2                         
        4 2                 4 2 4       
   2 4  2 4 2                   4 2 4  2 4 2  
     4 2   4 2                4 2 4  2 4 2   
    4   2 4                   2 4 2 4     
   2  4 2 4 2                4 2   4 2      
    4  2 4  2 4 2 4  2         4 2 4 2   4 2     
  4 2  4 2 4 2                4 2   4 2  4 2   
********* Result of iteration 1***********
                                   
      1 1                            
    1                               
   1  1  1                            
    1 1 1  1                       1 1   
   1  1  1                   1 1 1 1 1     
    1 1   1 1 1               1 1  1 1      
  1  1 1 1  1              1 1 1  1   1 1     
  1 1 1 1  1               1  1 1  1 1 1  1 1   
   1   1 1 1 1           1   1 1  1   1   1 1  
  1 1  1  1 1  1            1   1  1 1  1 1  1 1 
    1 1  1  1             1 1  1 1 1   1 1    
   1 1  1 1   1 1              1  1  1  2    
     1 1  1 1               1  2  2  2  2 2  
       1                  2 2    2  2 2  
                          2  2 2  2 2   
                        2   2  2 2  2 2  
                                   
                                   
                                   
                                   
                                   
    2 2  2   2                         
        2 2                 2 2 2       
   2 2  2 2 2                   2 2 2  2 2 2  
     2 2   2 2                2 2 2  2 2 2   
    2   2 2                   2 2 2 2     
   2  2 2 2 2                2 2   2 2      
    2  2 2  2 2 2 2  2         2 2 2 2   2 2     
  2 2  2 2 2 2                2 2   2 2  2 2   
********* Result of iteration 2***********
                                   
      3 3                            
    3                               
   3  3  3                            
    3 3 3  3                       3 3   
   3  3  3                   3 3 3 3 3     
    3 3   3 3 3               3 3  3 3      
  3  3 3 3  3              3 3 3  3   3 3     
  1 1 1 1  1               1  1 1  1 1 1  1 1   
   1   1 1 1 1           1   1 1  1   1   1 1  
  1 1  1  1 1  1            1   1  1 1  1 1  1 1 
    1 1  1  1             1 1  1 1 1   1 1    
   1 1  1 1   1 1              1  1  1  1    
     1 1  1 1               1  1  4  2  2 2  
       1                  4 4    2  2 2  
                          4  2 2  2 2   
                        4   2  2 2  2 2  
                                   
                                   
                                   
                                   
                                   
    4 4  4   4                         
        4 4                 2 2 2       
   4 4  4 4 4                   2 2 2  2 2 2  
     4 4   4 4                2 2 2  2 2 2   
    4   4 4                   2 2 2 2     
   4  4 4 4 4                2 2   2 2      
    4  4 4  4 4 4 4  2         2 2 2 2   2 2     
  4 4  4 4 4 4                2 2   2 2  2 2   
********* Result of iteration 3***********
                                   
      3 3                            
    3                               
   3  3  3                            
    3 3 3  3                       1 1   
   3  3  3                   1 1 1 1 1     
    3 3   3 3 3               1 1  1 1      
  3  3 3 3  3              1 1 1  1   1 1     
  3 3 3 3  3               1  1 1  1 1 1  1 2   
   3   3 3 3 3           1   1 1  1   1   2 2  
  3 3  3  3 3  3            1   1  1 1  2 2  2 2 
    3 3  3  3             1 1  1 1 1   2 2    
   4 3  3 3   1 1              1  2  2  2    
     4 4  1 1               1  2  2  2  2 2  
       4                  2 2    2  2 2  
                          2  2 2  2 2   
                        2   2  2 2  2 2  
                                   
                                   
                                   
                                   
                                   
    4 4  4   4                         
        4 4                 2 2 2       
   4 4  4 4 4                   2 2 2  2 2 2  
     4 4   4 4                2 2 2  2 2 2   
    4   4 4                   2 2 2 2     
   4  4 4 4 4                2 2   2 2      
    4  4 4  4 4 4 4  4         2 2 2 2   2 2     
  4 4  4 4 4 4                2 2   2 2  2 2   
********* Result of iteration 4***********
                                   
      3 3                            
    3                               
   3  3  3                            
    3 3 3  3                       1 1   
   3  3  3                   1 1 1 1 1     
    3 3   3 3 3               1 1  1 1      
  3  3 3 3  3              1 1 1  1   1 1     
  3 3 3 3  3               1  1 1  1 1 1  1 1   
   3   3 3 3 3           1   1 1  1   1   1 1  
  3 3  3  3 3  3            1   1  1 1  1 1  1 1 
    3 3  3  3             1 1  1 1 1   1 1    
   3 3  3 3   3 3              1  1  1  2    
     3 3  3 3               1  1  2  2  2 2  
       3                  2 2    2  2 2  
                          2  2 2  2 2   
                        2   2  2 2  2 2  
                                   
                                   
                                   
                                   
                                   
    4 4  4   4                         
        4 4                 2 2 2       
   4 4  4 4 4                   2 2 2  2 2 2  
     4 4   4 4                2 2 2  2 2 2   
    4   4 4                   2 2 2 2     
   4  4 4 4 4                2 2   2 2      
    4  4 4  4 4 4 4  4         2 2 2 2   2 2     
  4 4  4 4 4 4                2 2   2 2  2 2   
********* Result of iteration 5***********
                                   
      3 3                            
    3                               
   3  3  3                            
    3 3 3  3                       1 1   
   3  3  3                   1 1 1 1 1     
    3 3   3 3 3               1 1  1 1      
  3  3 3 3  3              1 1 1  1   1 1     
  3 3 3 3  3               1  1 1  1 1 1  1 1   
   3   3 3 3 3           1   1 1  1   1   1 1  
  3 3  3  3 3  3            1   1  1 1  1 1  1 1 
    3 3  3  3             1 1  1 1 1   1 1    
   3 3  3 3   3 3              1  1  1  1    
     3 3  3 3               1  1  1  1  1 1  
       3                  1 1    1  1 1  
                          2  2 2  2 2   
                        2   2  2 2  2 2  
                                   
                                   
                                   
                                   
                                   
    4 4  4   4                         
        4 4                 2 2 2       
   4 4  4 4 4                   2 2 2  2 2 2  
     4 4   4 4                2 2 2  2 2 2   
    4   4 4                   2 2 2 2     
   4  4 4 4 4                2 2   2 2      
    4  4 4  4 4 4 4  4         2 2 2 2   2 2     
  4 4  4 4 4 4                2 2   2 2  2 2   
********* Result of iteration 6***********
                                   
      3 3                            
    3                               
   3  3  3                            
    3 3 3  3                       1 1   
   3  3  3                   1 1 1 1 1     
    3 3   3 3 3               1 1  1 1      
  3  3 3 3  3              1 1 1  1   1 1     
  3 3 3 3  3               1  1 1  1 1 1  1 1   
   3   3 3 3 3           1   1 1  1   1   1 1  
  3 3  3  3 3  3            1   1  1 1  1 1  1 1 
    3 3  3  3             1 1  1 1 1   1 1    
   3 3  3 3   3 3              1  1  1  1    
     3 3  3 3               1  1  1  1  1 1  
       3                  1 1    1  1 1  
                          1  1 1  1 1   
                        1   1  2 2  2 2  
                                   
                                   
                                   
                                   
                                   
    4 4  4   4                         
        4 4                 2 2 2       
   4 4  4 4 4                   2 2 2  2 2 2  
     4 4   4 4                2 2 2  2 2 2   
    4   4 4                   2 2 2 2     
   4  4 4 4 4                2 2   2 2      
    4  4 4  4 4 4 4  4         2 2 2 2   2 2     
  4 4  4 4 4 4                2 2   2 2  2 2   
********* Result of iteration 7***********
                                   
      3 3                            
    3                               
   3  3  3                            
    3 3 3  3                       1 1   
   3  3  3                   1 1 1 1 1     
    3 3   3 3 3               1 1  1 1      
  3  3 3 3  3              1 1 1  1   1 1     
  3 3 3 3  3               1  1 1  1 1 1  1 1   
   3   3 3 3 3           1   1 1  1   1   1 1  
  3 3  3  3 3  3            1   1  1 1  1 1  1 1 
    3 3  3  3             1 1  1 1 1   1 1    
   3 3  3 3   3 3              1  1  1  1    
     3 3  3 3               1  1  1  1  1 1  
       3                  1 1    1  1 1  
                          1  1 1  1 1   
                        1   1  1 1  1 1  
                                   
                                   
                                   
                                   
                                   
    4 4  4   4                         
        4 4                 2 2 2       
   4 4  4 4 4                   2 2 2  2 2 2  
     4 4   4 4                2 2 2  2 2 2   
    4   4 4                   2 2 2 2     
   4  4 4 4 4                2 2   2 2      
    4  4 4  4 4 4 4  4         2 2 2 2   2 2     
  4 4  4 4 4 4                2 2   2 2  2 2   
